[gd_scene load_steps=6 format=3 uid="uid://c47d0qpugjwla"]

[ext_resource type="Script" uid="uid://c0u7vghwxt4qs" path="res://gameManager.gd" id="1_ig7tw"]
[ext_resource type="Script" uid="uid://rhd7lm163i6d" path="res://camera_pivot.gd" id="2_h2yge"]
[ext_resource type="Script" uid="uid://bt6qhal8udbg6" path="res://camera_3d.gd" id="3_1bvp3"]

[sub_resource type="StandardMaterial3D" id="StandardMaterial3D_ig7tw"]

[sub_resource type="PlaneMesh" id="PlaneMesh_0xm2m"]
material = SubResource("StandardMaterial3D_ig7tw")
size = Vector2(5, 5)

[node name="GameManager" type="Node3D"]
script = ExtResource("1_ig7tw")

[node name="Plane" type="MeshInstance3D" parent="."]
visible = false
mesh = SubResource("PlaneMesh_0xm2m")

[node name="DirectionalLight3D" type="DirectionalLight3D" parent="."]
transform = Transform3D(1, 0, 0, 0, 0.94205755, 0.3354516, 0, -0.3354516, 0.94205755, 0, 2.3126585, 3.0266738)

[node name="CameraPivot" type="Node3D" parent="."]
transform = Transform3D(1, 0, 0, 0, 0.97696376, 0.21340555, 0, -0.21340555, 0.97696376, 0, 2.0369296, 2.1762772)
script = ExtResource("2_h2yge")

[node name="CameraArm" type="Node3D" parent="CameraPivot"]

[node name="Camera3D" type="Camera3D" parent="CameraPivot/CameraArm"]
transform = Transform3D(1, 0, 0, 0, 0.78371495, 0.6211206, 0, -0.6211206, 0.78371495, 0, -0.8295135, 0.97100735)
script = ExtResource("3_1bvp3")
